 34548      0  32
 34934      0  33
 35404      0  34
 35651      0  35
 36244      0  37
 36624      0  38
 36860      0  39
 37360      0  36
 37574      0  37
 37952      0  40
 38157      0  41
 38639      0  40
 38865      0  41
 39341      0  36
 39546      0  37
 39964      0  32
 40182      0  33
 40676      0  32
 40889      0  33
 41218      0  34
 41422      0  35
 41752      0  34
 41983      0  35
 42434      0  42
 42668      0  43
 43157      0  36
 43364      0  37
 43705      0  36
 44002      0  37
 44367      0  32
 44589      0  33
 45035      0  34
 45240      0  35
 45582      0  38
 45787      0  39
 46237      0  42
 46442      0  43
 46848      0  32
 47102      0  33
 47550      0  36
 48292      0  34
 48860      0  38
 49142      0  39
 49499      0  38
 49750      0  39
 50177      0  36
 50456      0  37
 50792      0  38
 51000      0  39
 51411      0  36
 51691      0  37
 52031      0  40
 52278      0  41
 52600      0  34
 52828      0  35
 53174      0  32
 53403      0  33
 53803      0  44
 54043      0  45
 54531      0  42
 54769      0  43
 55271      0  32
 55476      0  33
 55883      0  44
 56088      0  45
 56490      0  44
 56735      0  45
 57172      0  32
 57376      0  33
 57755      0  32
 57981      0  33
 58315      0  34
 58521      0  35
 58844      0  42
 59074      0  43
 59512      0  36
 59718      0  37
 60192      0  38
 60423      0  39
 60867      0  34
 61073      0  35
 61513      0  32
 61727      0  33
 62126      0  42
 62378      0  43
 62823      0  34
 63029      0  35
 63383      0  36
 63594      0  37
 64037      0  42
 64242      0  43
 64663      0  42
 64906      0  43
 65369      0  36
 65574      0  37
 65906      0  36
 66134      0  37
 66605      0  40
 66811      0  41
 67262      0  36
 67467      0  37
 67918      0  32
 68168      0  33
 68578      0  32
 68854      0  33
 69363      0  36
 69567      0  37
 69922      0  32
 70127      0  33
 70500      0  38
 70705      0  39
 71060      0  36
 71279      0  37
 71605      0  40
 71822      0  41
 72315      0  32
 72686      0  33
 73019      0  40
 73279      0  41
 73712      0  32
 73977      0  33
 74414      0  36
 75157      0  38
 75377      0  39
 75692      0  36
 75896      0  37
 76377      0  34
 76618      0  35
 77009      0  36
 77288      0  37
 77713      0  32
 77918      0  33
 78373      0  32
 78578      0  33
 79027      0  34
 79299      0  35
 79751      0  38
 79994      0  39
 80375      0  46
 80606      0  47
 81005      0  42
 81272      0  43
 81634      0  34
 81840      0  35
 82347      0  38
 82974      0  32
 83179      0  33
 83525      0  36
 83729      0  37
 84068      0  34
 84301      0  35
 84805      0  36
 85109      0  37
 85491      0  32
 85707      0  33
 86173      0  38
 86425      0  39
 86921      0  40
 87135      0  41
 87588      0  40
 88382      0  36
 88587      0  37
 89088      0  36
 89314      0  37
 89779      0  38
 89984      0  39
 90347      0  42
 90585      0  43
 91063      0  42
 91269      0  43
 91736      0  36
 91983      0  37
 92379      0  46
 92703      0  47
 93057      0  32
 93262      0  33
 93720      0  34
 93938      0  35
 94424      0  42
 94634      0  43
 95020      0  40
 95235      0  41
 95637      0  38
 95843      0  39
 96227      0  34
 96432      0  35
 96798      0  40
 97003      0  41
 97447      0  36
 97652      0  37
 98045      0  42
 98250      0  43
 98697      0  34
 98923      0  35
105292      0  34
105719      0  35
106107      0  42
106401      0  43
106755      0  36
106969      0  37
107481      0  36
107686      0  37
108002      0  42
108208      0  43
108630      0  32
108885      0  33
109313      0  42
109528      0  43
109859      0  36
110064      0  37
110555      0  40
110761      0  41
111100      0  36
111306      0  37
111747      0  36
111999      0  37
112336      0  32
112563      0  33
113022      0  32
113279      0  33
113768      0  38
113999      0  39
114453      0  42
114682      0  43
115050      0  42
115256      0  43
115753      0  36
115959      0  37
116389      0  42
116629      0  43
117014      0  36
117299      0  37
117786      0  36
118000      0  37
118363      0  42
118569      0  43
119039      0  32
119271      0  33
119599      0  40
119844      0  41
120575      0  39
120947      0  38
121152      0  39
121582      0  40
121817      0  41
122316      0  36
122526      0  37
123039      0  34
123246      0  35
123573      0  44
123778      0  45
124281      0  36
124487      0  37
124904      0  36
125108      0  37
125612      0  34
125818      0  35
126244      0  40
126450      0  41
126818      0  38
127023      0  39
127466      0  46
127692      0  47
128103      0  40
128308      0  41
128747      0  38
128953      0  39
129369      0  38
129696      0  39
130054      0  38
130311      0  39
130775      0  38
131009      0  39
131486      0  46
131727      0  47
132218      0  38
132459      0  39
132837      0  42
133045      0  43
133483      0  34
133688      0  35
134019      0  42
134253      0  43
134633      0  46
134837      0  47
135316      0  34
135542      0  35
136033      0  36
136275      0  37
136767      0  42
136972      0  43
137427      0  46
137632      0  47
138129      0  32
138367      0  33
138767      0  38
138972      0  39
139319      0  36
139524      0  37
139875      0  38
140081      0  39
140441      0  36
140687      0  37
141002      0  42
141207      0  43
141566      0  40
141784      0  41
142288      0  40
142498      0  41
142961      0  40
143184      0  41
143681      0  34
143887      0  35
144322      0  44
144653      0  45
145061      0  34
145279      0  35
145657      0  40
145862      0  41
146254      0  32
146460      0  33
146905      0  36
147110      0  37
147589      0  34
147793      0  35
148134      0  36
148338      0  37
148799      0  38
149005      0  39
149321      0  42
149526      0  43
149972      0  36
150176      0  37
150581      0  36
150787      0  37
151142      0  32
151346      0  33
151786      0  34
151995      0  35
152315      0  36
152520      0  37
153002      0  36
153260      0  37
153683      0  38
153888      0  39
154277      0  40
154483      0  41
154882      0  42
155088      0  43
155456      0  36
155661      0  37
156065      0  40
156271      0  41
156784      0  34
156989      0  35
157454      0  46
157684      0  47
158104      0  38
158325      0  39
158731      0  34
158975      0  35
159307      0  38
159513      0  39
159952      0  34
160164      0  35
160626      0  36
161365      0  32
161571      0  33
162024      0  32
162230      0  33
162692      0  38
162897      0  39
163241      0  32
163447      0  33
163885      0  34
164091      0  35
164577      0  40
164782      0  41
165099      0  36
165328      0  37
165805      0  36
166042      0  37
166546      0  32
166784      0  33
167122      0  40
167327      0  41
167734      0  38
167939      0  39
168343      0  38
168585      0  39
187708      0  38
188146      0  39
188538      0  40
188791      0  41
189189      0  34
189394      0  35
189774      0  34
190042      0  35
190479      0  32
190701      0  33
191056      0  32
191260      0  33
191768      0  38
192004      0  39
192495      0  34
192945      0  35
193283      0  36
193599      0  37
194054      0  38
194284      0  39
194783      0  32
195019      0  33
195457      0  32
195739      0  33
196155      0  44
196389      0  45
196866      0  40
197122      0  41
197473      0  38
197678      0  39
198063      0  38
198268      0  39
198637      0  38
198891      0  39
199255      0  40
199470      0  41
199939      0  42
200184      0  43
200690      0  46
200895      0  47
201309      0  44
201560      0  45
201884      0  32
202090      0  33
202523      0  36
202915      0  37
203301      0  42
203524      0  43
203941      0  40
204216      0  41
204537      0  36
204743      0  37
205122      0  40
205378      0  41
205869      0  36
206148      0  37
206549      0  40
206815      0  41
207247      0  42
207557      0  43
208013      0  34
208236      0  35
208727      0  40
208944      0  41
209427      0  40
209640      0  41
210112      0  44
210318      0  45
210691      0  42
210935      0  43
211315      0  42
211546      0  43
212028      0  36
212234      0  37
212665      0  34
212891      0  35
213261      0  40
213496      0  41
213817      0  36
214166      0  37
214550      0  42
214755      0  43
215152      0  36
215413      0  37
215892      0  32
216097      0  33
216593      0  42
216799      0  43
217271      0  38
217560      0  39
218010      0  36
218215      0  37
218698      0  40
218998      0  41
219329      0  46
219592      0  47
220067      0  40
220315      0  41
220646      0  42
220852      0  43
221195      0  34
221402      0  35
221865      0  38
222205      0  39
222573      0  34
222780      0  35
223207      0  34
223543      0  35
223863      0  42
224068      0  43
224402      0  36
224684      0  37
225029      0  38
225282      0  39
225668      0  32
225920      0  33
226356      0  42
226564      0  43
226925      0  36
227136      0  37
227641      0  42
227846      0  43
228216      0  36
228450      0  37
228908      0  38
229123      0  39
229594      0  38
229834      0  39
230351      0  32
230587      0  33
231063      0  36
231268      0  37
231657      0  36
231946      0  37
232334      0  38
232539      0  39
233005      0  38
233216      0  39
233599      0  34
233873      0  35
234269      0  38
234474      0  39
234931      0  36
235136      0  37
235531      0  34
235736      0  35
236078      0  40
236282      0  41
236715      0  34
236975      0  35
237331      0  34
237536      0  35
237952      0  40
238157      0  41
238662      0  38
238867      0  39
239275      0  36
239490      0  37
239936      0  42
240142      0  43
240519      0  36
240732      0  37
241174      0  46
241496      0  47
241953      0  34
242159      0  35
242641      0  42
242845      0  43
243228      0  34
243434      0  35
243808      0  42
244014      0  43
244392      0  36
244810      0  37
245219      0  34
245447      0  35
245882      0  38
246087      0  39
246585      0  36
246835      0  37
247353      0  38
247559      0  39
247954      0  36
248181      0  37
248520      0  38
248867      0  39
249350      0  40
249555      0  41
249979      0  32
250185      0  33
250653      0  40
250920      0  41
251368      0  40
251573      0  41
252024      0  36
252385      0  37
252885      0  34
253102      0  35
253529      0  40
253737      0  41
254097      0  34
254326      0  35
259758      0  44
260000      0  45
260515      0  46
260754      0  47
261119      0  32
261324      0  33
261690      0  42
261909      0  43
262361      0  36
262566      0  37
262979      0  34
263184      0  35
263646      0  34
263861      0  35
264323      0  34
264527      0  35
264947      0  42
265328      0  43
265672      0  38
265917      0  39
266415      0  44
266637      0  45
266994      0  32
267206      0  33
267613      0  36
267819      0  37
268321      0  34
268566      0  35
269081      0  36
269304      0  37
269737      0  34
269942      0  35
270432      0  40
270637      0  41
271096      0  34
271327      0  35
271742      0  46
271947      0  47
272353      0  42
272558      0  43
272902      0  36
273107      0  37
273517      0  38
273756      0  39
274170      0  36
274375      0  37
274793      0  44
274998      0  45
275377      0  36
275615      0  37
276121      0  38
276349      0  39
276676      0  38
276895      0  39
277250      0  46
277610      0  47
278079      0  36
278379      0  37
278801      0  38
279056      0  39
279555      0  38
279797      0  39
280178      0  36
280383      0  37
280935      0  38
281389      0  39
281836      0  36
282107      0  37
282628      0  32
282870      0  33
283385      0  34
283673      0  35
284189      0  32
284406      0  33
284759      0  36
284972      0  37
285476      0  36
285734      0  37
286291      0  40
286497      0  41
286916      0  38
287174      0  39
287560      0  32
287898      0  33
288404      0  32
288615      0  33
288958      0  32
289164      0  33
289671      0  42
289882      0  43
290258      0  34
290468      0  35
290911      0  36
291117      0  37
291550      0  36
291762      0  37
292260      0  32
292466      0  33
292809      0  36
293015      0  37
293558      0  36
293764      0  37
294134      0  36
294339      0  37
294845      0  32
295050      0  33
295553      0  38
295768      0  39
296259      0  32
296465      0  33
296835      0  40
297061      0  41
297459      0  36
297704      0  37
298158      0  46
298363      0  47
298732      0  32
298990      0  33
299486      0  38
299700      0  39
300034      0  32
300347      0  33
300807      0  36
301065      0  37
301512      0  32
301718      0  33
302100      0  38
302305      0  39
302747      0  36
302966      0  37
303458      0  42
303663      0  43
304133      0  34
304338      0  35
304819      0  38
305532      0  38
305754      0  39
306182      0  32
306388      0  33
306807      0  48
309232      0  38
309536      0  39
309906      0  38
310111      0  39
310519      0  34
310895      0  35
311353      0  40
311608      0  41
312006      0  42
312259      0  43
312690      0  32
312896      0  33
313356      0  34
313562      0  35
313894      0  42
314099      0  43
314559      0  34
314764      0  35
315254      0  32
315489      0  33
315982      0  38
316187      0  39
316536      0  34
316798      0  35
317206      0  32
317505      0  33
317941      0  40
318146      0  41
318561      0  34
318767      0  35
319124      0  32
319329      0  33
319831      0  32
320037      0  33
320557      0  36
320762      0  37
321108      0  36
321314      0  37
321681      0  36
321906      0  37
322251      0  36
322457      0  37
322880      0  44
323085      0  45
323605      0  36
323810      0  37
324230      0  42
324435      0  43
324830      0  34
325035      0  35
325453      0  40
325658      0  41
326080      0  38
326324      0  39
326854      0  38
327108      0  39
327442      0  36
327656      0  37
